DTUSAT                  
1 27842U 03031C   12089.94858590  .00000148  00000-0  88020-4 0  3661
2 27842  98.6976  99.9834 0010314  68.2045 292.0232 14.21258193453756
CUTE-1 (CO-55)          
1 27844U 03031E   12090.55285839  .00000222  00000-0  12239-3 0  3405
2 27844  98.7058 100.0734 0010703  89.5289 270.7109 14.20984803453727
QUAKESAT                
1 27845U 03031F   12089.96914361  .00000262  00000-0  14158-3 0  3741
2 27845  98.7152  99.2810 0009638 108.1686 252.0541 14.20701714453519
AAU CUBESAT             
1 27846U 03031G   12090.01948678  .00000139  00000-0  83889-4 0  2434
2 27846  98.6980 100.0437 0010685  68.5726 291.6589 14.21257071453763
CANX-1                  
1 27847U 03031H   12090.74854392  .00000181  00000-0  10317-3 0  2559
2 27847  98.6955 100.7334 0010559  66.8268 293.4013 14.21228814453812
CUBESAT XI-IV (CO-57)   
1 27848U 03031J   12090.54288305  .00000160  00000-0  94238-4 0  2915
2 27848  98.7136  99.3621 0010708  93.6397 266.6013 14.20741073453665
UWE-1                   
1 28892U 05043C   12090.56370044  .00000556  00000-0  12360-3 0  1850
2 28892  97.9280 319.1038 0018170  39.9167 320.3372 14.60515853342291
CUBESAT XI-V (CO-58)    
1 28895U 05043F   12090.43785566  .00000764  00000-0  16615-3 0  1362
2 28895  97.9253 320.1267 0018542  42.2101 318.0514 14.60540447342163
NCUBE-2                 
1 28897U 05043H   12089.81252388  .00000558  00000-0  12330-3 0  7104
2 28897  97.9281 319.4292 0018362  42.9423 317.3207 14.60766920334381
CSTB1                   
1 31122U 07012F   12089.78823440  .00000597  00000-0  13889-3 0  4791
2 31122  97.8760 111.1303 0083843 344.1334  15.7222 14.56218511263044
MAST                    
1 31126U 07012K   12090.09039579  .00000566  00000-0  13671-3 0  4204
2 31126  97.8768 105.8118 0094174 357.9446   2.1343 14.54083122262774
LIBERTAD-1              
1 31128U 07012M   12090.01878995 -.00000046  00000-0  00000+0 0  4887
2 31128  97.8842 102.0937 0102420  10.9066 349.4372 14.52774350262480
POLYSAT CP3             
1 31129U 07012N   12090.71665489  .00000767  00000-0  18437-3 0  1284
2 31129  97.8842 103.1087 0101471   8.1686 352.1107 14.52960124262585
CAPE1                   
1 31130U 07012P   12089.71507465  .00000806  00000-0  19338-3 0  4315
2 31130  97.8880 101.8920 0102537  11.8659 348.4884 14.52834410262235
POLYSAT CP4             
1 31132U 07012Q   12089.87468571  .00000586  00000-0  13741-3 0  4393
2 31132  97.8686 110.5594 0083965 343.8960  15.9589 14.55907463262916
NTS (CANX-6)            
1 32784U 08021B   12090.88780408  .00001408  00000-0  18297-3 0  2682
2 32784  97.8078 152.8908 0015042 318.7316  41.2741 14.82173228212090
CUTE-1.7+APD II (CO-65) 
1 32785U 08021C   12090.63373742  .00001237  00000-0  15930-3 0  2675
2 32785  97.8074 153.5228 0013951 322.2496  37.7716 14.82790305212123
COMPASS-1               
1 32787U 08021E   12090.17188264  .00001891  00000-0  23495-3 0  2625
2 32787  97.8076 153.2427 0014698 322.8969  37.1231 14.83680293212092
AAUSAT-II               
1 32788U 08021F   12090.15798504  .00002768  00000-0  33849-3 0  2536
2 32788  97.8108 153.5696 0014126 324.5340  35.4923 14.83979024212113
DELFI-C3 (DO-64)        
1 32789U 08021G   12090.61583603  .00004313  00000-0  50794-3 0  2693
2 32789  97.8186 155.7552 0013819 317.9336  42.0825 14.85247083212215
CANX-2                  
1 32790U 08021H   12090.32722769  .00000931  00000-0  12171-3 0  2634
2 32790  97.8046 152.9402 0014768 324.0252  35.9980 14.82686748212052
SEEDS II (CO-66)        
1 32791U 08021J   12089.65964616  .00001348  00000-0  17150-3 0  2554
2 32791  97.8071 152.5425 0015033 324.3478  35.6785 14.83151545211952
SWISSCUBE               
1 35932U 09051B   12090.21395271  .00005309  00000-0  12986-2 0  4843
2 35932  98.3358 193.5305 0006620   0.2948 359.7832 14.52920342133391
BEESAT                  
1 35933U 09051C   12090.76934076  .00007922  00000-0  19109-2 0  6597
2 35933  98.3326 194.4788 0008963  18.0183 342.1055 14.53417611133521
UWE-2                   
1 35934U 09051D   12090.76224935  .00003347  00000-0  81574-3 0  2212
2 35934  98.3293 194.1331 0007760  11.8940 348.2273 14.53336387133521
ITUPSAT 1               
1 35935U 09051E   12090.30260992  .00001958  00000-0  48744-3 0  8603
2 35935  98.3397 194.1558 0007994 358.2411   1.8744 14.52780399133393
TISAT 1                 
1 36799U 10035E   12090.87617089  .00001630  00000-0  21363-3 0  8381
2 36799  98.0671 166.6400 0016295  68.9401 291.3551 14.81672763 92890
DICE-F                  
1 37851U 11061B   12090.75976990  .00002581  00000-0  21473-3 0  1377
2 37851 101.7227  95.3424 0251314 214.1102 144.3727 14.79082294 22794
DICE-Y                  
1 37852U 11061C   12090.14118281  .00002949  00000-0  24333-3 0  1378
2 37852 101.7240  94.4726 0250506 215.8524 142.5638 14.79256103 22707
RAX-2                   
1 37853U 11061D   12090.20562417  .00003056  00000-0  25223-3 0  1368
2 37853 101.7176  94.4713 0249901 215.8572 142.5630 14.79267576 22711
AUBIESAT-1              
1 37854U 11061E   12090.78794001  .00003122  00000-0  25349-3 0  1383
2 37854 101.7179  95.4693 0251337 213.4577 145.0534 14.79597576 22793
M-CUBED & EXP-1 PRIME   
1 37855U 11061F   12090.79481508  .00003305  00000-0  26813-3 0  1379
2 37855 101.7188  95.4544 0251640 213.5963 144.9061 14.79487327 22791
2012-006C               
1 38079U 12006C   12090.48352673  .00044418  00000-0  11250-2 0  1147
2 38079  69.4933 134.8614 0768836 346.7894  11.4078 14.08867821  6472
2012-006D               
1 38080U 12006D   12090.49007149  .00044855  00000-0  11619-2 0  1161
2 38080  69.4915 134.8587 0767602 346.7608  11.4307 14.08670962  6479
2012-006E               
1 38081U 12006E   12090.20737452  .00041452  00000-0  10698-2 0  1186
2 38081  69.4909 135.5107 0768623 347.1692  11.0779 14.08538925  6438
2012-006F               
1 38082U 12006F   12090.55687967  .00051896  00000-0  13489-2 0  1296
2 38082  69.4921 134.6900 0765286 346.6448  11.5342 14.09075830  6487
2012-006G               
1 38083U 12006G   12090.62860100  .00048860  00000-0  12579-2 0  1394
2 38083  69.4882 134.5319 0766792 346.6182  11.5550 14.08959035  6494
2012-006H               
1 38084U 12006H   12090.56873112  .00041568  00000-0  10784-2 0  1142
2 38084  69.4878 134.7195 0769077 346.6797  11.4967 14.08334591  6489
2012-006J               
1 38085U 12006J   12090.49840416  .00041083  00000-0  10578-2 0  1138
2 38085  69.4866 134.8821 0770189 346.7773  11.4213 14.08253622  6473
